CTET DEC-2024 KEY EXAM-14/12/2024 Date. 08/01/2025 Page No. 4Set :- K PAPER-I (MAIN)
--------------------------------------------------
| QNO ANS | QNO ANS | QNO ANS | QNO ANS |
--------------------------------------------------
| 1 1 | 26 3 | 51 1 | 76 3 |
--------------------------------------------------
| 2 1 | 27 4 | 52 3 | 77 2 |
--------------------------------------------------
| 3 4 | 28 4 | 53 3 | 78 3 |
--------------------------------------------------
| 4 2 | 29 3 | 54 1 | 79 4 |
--------------------------------------------------
| 5 2 | 30 3 | 55 3 | 80 1 |
--------------------------------------------------
| 6 2 | 31 3 | 56 1 | 81 2 |
--------------------------------------------------
| 7 2 | 32 1 | 57 4 | 82 2 |
--------------------------------------------------
| 8 4 | 33 3 | 58 1 | 83 2 |
--------------------------------------------------
| 9 2 | 34 1 | 59 4 | 84 3 |
--------------------------------------------------
| 10 2 | 35 2 | 60 4 | 85 3 |
--------------------------------------------------
| 11 1 | 36 1 | 61 2 | 86 3 |
--------------------------------------------------
| 12 3 | 37 2 | 62 1 | 87 3 |
--------------------------------------------------
| 13 2 | 38 2 | 63 1 | 88 Z |
--------------------------------------------------
| 14 1 | 39 4 | 64 1 | 89 2 |
--------------------------------------------------
| 15 2 | 40 4 | 65 2 | 90 4 |
--------------------------------------------------
| 16 4 | 41 3 | 66 2 | |
--------------------------------------------------
| 17 4 | 42 2 | 67 4 | |
--------------------------------------------------
| 18 2 | 43 4 | 68 2 | |
--------------------------------------------------
| 19 1 | 44 2 | 69 2 | |
--------------------------------------------------
| 20 2 | 45 4 | 70 2 | |
--------------------------------------------------
| 21 2 | 46 2 | 71 4 | |
--------------------------------------------------
| 22 2 | 47 1 | 72 3 | |
--------------------------------------------------
| 23 2 | 48 3 | 73 1 | |
--------------------------------------------------
| 24 2 | 49 2 | 74 2 | |
--------------------------------------------------
| 25 1 | 50 1 | 75 2 | |
--------------------------------------------------
| 91 4 | 116 1 | 141 3 | |
--------------------------------------------------
| 92 2 | 117 2 | 142 2 | |
--------------------------------------------------
| 93 1 | 118 2 | 143 2 | |
--------------------------------------------------
| 94 3 | 119 2 | 144 2 | |
--------------------------------------------------
| 95 4 | 120 2 | 145 4 | |
--------------------------------------------------
| 96 1 | 121 1 | 146 3 | |
--------------------------------------------------
| 97 1 | 122 4 | 147 1 | |
--------------------------------------------------
| 98 2 | 123 4 | 148 3 | |
--------------------------------------------------
| 99 3 | 124 3 | 149 3 | |
--------------------------------------------------
| 100 2 | 125 3 | 150 1 | |
--------------------------------------------------
| 101 3 | 126 1 | | |
--------------------------------------------------
| 102 2 | 127 2 | | |
--------------------------------------------------
| 103 2 | 128 4 | | |
--------------------------------------------------
| 104 3 | 129 2 | | |
--------------------------------------------------
| 105 3 | 130 3 | | |
--------------------------------------------------
| 106 3 | 131 1 | | |
--------------------------------------------------
| 107 1 | 132 3 | | |
--------------------------------------------------
| 108 3 | 133 3 | | |
--------------------------------------------------
| 109 2 | 134 1 | | |
--------------------------------------------------
| 110 4 | 135 3 | | |
--------------------------------------------------
| 111 2 | 136 3 | | |
--------------------------------------------------
| 112 3 | 137 4 | | |
--------------------------------------------------
| 113 2 | 138 1 | | |
--------------------------------------------------
| 114 4 | 139 4 | | |
--------------------------------------------------
| 115 4 | 140 4 | | |
--------------------------------------------------
A=1,2/B=1,3/C=1,4/D=2,3/E=2,4/F=3,4/Z=ALL